#	Proyecto: Control de un Quadrotor por VA
#	Datos para la gráfica en GNUplot.

#	Error X	    	Error Y	 	Altura		Alt. Ref	Yaw
0	0.000000	0.000000	0.000000	700.000000	0.000000
1	0.000000	0.000000	0.000000	700.000000	0.000000
2	0.000000	0.000000	0.000000	700.000000	0.000000
3	0.000000	0.000000	0.000000	700.000000	0.000000
4	0.000000	0.000000	0.000000	700.000000	0.000000
5	0.000000	0.000000	0.000000	700.000000	0.000000
6	0.000000	0.000000	0.000000	700.000000	0.000000
7	0.000000	0.000000	0.000000	700.000000	0.000000
8	0.000000	0.000000	0.000000	700.000000	0.000000
9	0.000000	0.000000	0.000000	700.000000	0.000000
10	0.000000	0.000000	0.000000	700.000000	0.000000
11	0.000000	0.000000	0.000000	700.000000	0.000000
12	0.000000	0.000000	0.000000	700.000000	0.000000
13	0.000000	0.000000	0.000000	700.000000	0.000000
14	0.000000	0.000000	0.000000	700.000000	0.000000
15	0.000000	0.000000	0.000000	700.000000	0.000000
16	0.000000	0.000000	0.000000	700.000000	0.000000
17	0.000000	0.000000	0.000000	700.000000	0.000000
18	0.000000	0.000000	0.000000	700.000000	0.000000
19	0.000000	0.000000	0.000000	700.000000	0.000000
20	0.000000	0.000000	0.000000	700.000000	0.000000
21	0.000000	0.000000	0.000000	700.000000	0.000000
22	0.000000	0.000000	0.000000	700.000000	0.000000
23	0.000000	0.000000	0.000000	700.000000	0.000000
24	0.000000	0.000000	0.000000	700.000000	0.000000
25	0.000000	0.000000	0.000000	700.000000	0.000000
26	0.000000	0.000000	0.000000	700.000000	0.000000
27	0.000000	0.000000	0.000000	700.000000	0.000000
28	0.000000	0.000000	0.000000	700.000000	0.000000
29	0.000000	0.000000	0.000000	700.000000	0.000000
30	0.000000	0.000000	0.000000	700.000000	0.000000
31	0.000000	0.000000	0.000000	700.000000	0.000000
32	0.000000	0.000000	0.000000	700.000000	0.000000
33	0.000000	0.000000	0.000000	700.000000	0.000000
34	0.000000	0.000000	0.000000	700.000000	0.000000
35	0.000000	0.000000	0.000000	700.000000	0.000000
36	0.000000	0.000000	0.000000	700.000000	0.000000
37	0.000000	0.000000	0.000000	700.000000	0.000000
38	0.000000	0.000000	0.000000	700.000000	0.000000
39	0.000000	0.000000	0.000000	700.000000	0.000000
40	0.000000	0.000000	0.000000	700.000000	0.000000
41	0.000000	0.000000	0.000000	700.000000	0.000000
42	0.000000	0.000000	0.000000	700.000000	0.000000
43	0.000000	0.000000	0.000000	700.000000	0.000000
44	0.000000	0.000000	0.000000	700.000000	0.000000
45	0.000000	0.000000	0.000000	700.000000	0.000000
46	0.000000	0.000000	0.000000	700.000000	0.000000
47	0.000000	0.000000	0.000000	700.000000	0.000000
48	0.000000	0.000000	0.000000	700.000000	0.000000
49	0.000000	0.000000	0.000000	700.000000	0.000000
50	0.000000	0.000000	0.000000	700.000000	0.000000
51	0.000000	0.000000	0.000000	700.000000	0.000000
52	0.000000	0.000000	0.000000	700.000000	0.000000
53	0.000000	0.000000	0.000000	700.000000	0.000000
54	0.000000	0.000000	0.000000	700.000000	0.000000
55	0.000000	0.000000	0.000000	700.000000	0.000000
56	0.000000	0.000000	0.000000	700.000000	0.000000
57	0.000000	0.000000	0.000000	700.000000	0.000000
58	0.000000	0.000000	0.000000	700.000000	0.000000
59	0.000000	0.000000	0.000000	700.000000	0.000000
60	0.000000	0.000000	0.000000	700.000000	0.000000
61	0.000000	0.000000	0.000000	700.000000	0.000000
62	0.000000	0.000000	0.000000	700.000000	0.000000
63	0.000000	0.000000	0.000000	700.000000	0.000000
64	0.000000	0.000000	0.000000	700.000000	0.000000
65	0.000000	0.000000	0.000000	700.000000	0.000000
66	0.000000	0.000000	0.000000	700.000000	0.000000
67	0.000000	0.000000	0.000000	700.000000	0.000000
68	0.000000	0.000000	0.000000	700.000000	0.000000
69	0.000000	0.000000	0.000000	700.000000	0.000000
70	0.000000	0.000000	0.000000	700.000000	0.000000
71	0.000000	0.000000	271.000000	700.000000	0.000000
72	0.000000	0.000000	271.000000	700.000000	0.000000
73	0.000000	0.000000	271.000000	700.000000	0.000000
74	0.000000	0.000000	272.000000	700.000000	0.000000
75	0.000000	0.000000	272.000000	700.000000	0.000000
76	0.000000	0.000000	272.000000	700.000000	0.000000
77	0.000000	0.000000	272.000000	700.000000	0.000000
78	0.000000	0.000000	272.000000	700.000000	0.000000
79	0.000000	0.000000	272.000000	700.000000	0.000000
80	0.000000	0.000000	272.000000	700.000000	0.000000
81	0.000000	0.000000	270.000000	700.000000	0.000000
82	0.000000	0.000000	270.000000	700.000000	0.000000
83	0.000000	0.000000	270.000000	700.000000	0.000000
84	0.000000	0.000000	270.000000	700.000000	0.000000
85	0.000000	0.000000	269.000000	700.000000	0.000000
86	0.000000	0.000000	269.000000	700.000000	0.000000
87	0.000000	0.000000	269.000000	700.000000	0.000000
88	0.000000	0.000000	269.000000	700.000000	0.000000
89	0.000000	0.000000	269.000000	700.000000	0.000000
90	0.000000	0.000000	269.000000	700.000000	0.000000
91	0.000000	0.000000	268.000000	700.000000	0.000000
92	0.000000	0.000000	268.000000	700.000000	0.000000
93	0.000000	0.000000	267.000000	700.000000	0.000000
94	0.000000	0.000000	267.000000	700.000000	0.000000
95	0.000000	0.000000	267.000000	700.000000	0.000000
96	0.000000	0.000000	267.000000	700.000000	0.000000
97	0.000000	0.000000	268.000000	700.000000	0.000000
98	0.000000	0.000000	268.000000	700.000000	0.000000
99	0.000000	0.000000	269.000000	700.000000	0.000000
100	0.000000	0.000000	269.000000	700.000000	0.000000
101	0.000000	0.000000	270.000000	700.000000	0.000000
102	0.000000	0.000000	270.000000	700.000000	0.000000
103	0.000000	0.000000	269.000000	700.000000	0.000000
104	0.000000	0.000000	269.000000	700.000000	0.000000
105	0.000000	0.000000	269.000000	700.000000	0.000000
106	0.000000	0.000000	269.000000	700.000000	0.000000
107	0.000000	0.000000	269.000000	700.000000	0.000000
108	0.000000	0.000000	269.000000	700.000000	0.000000
109	0.000000	0.000000	268.000000	700.000000	0.000000
110	0.000000	0.000000	268.000000	700.000000	0.000000
111	0.000000	0.000000	267.000000	700.000000	0.000000
112	0.000000	0.000000	267.000000	700.000000	0.000000
113	0.000000	0.000000	267.000000	700.000000	0.000000
114	0.000000	0.000000	267.000000	700.000000	0.000000
115	0.000000	0.000000	267.000000	700.000000	0.000000
116	0.000000	0.000000	267.000000	700.000000	0.000000
117	0.000000	0.000000	267.000000	700.000000	0.000000
118	0.000000	0.000000	267.000000	700.000000	0.000000
119	0.000000	0.000000	268.000000	700.000000	0.000000
120	0.000000	0.000000	268.000000	700.000000	0.000000
121	0.000000	0.000000	268.000000	700.000000	0.000000
122	0.000000	0.000000	268.000000	700.000000	0.000000
123	0.000000	0.000000	268.000000	700.000000	0.000000
124	0.000000	0.000000	268.000000	700.000000	0.000000
125	0.000000	0.000000	269.000000	700.000000	0.000000
126	0.000000	0.000000	269.000000	700.000000	0.000000
127	0.000000	0.000000	267.000000	700.000000	0.000000
128	0.000000	0.000000	267.000000	700.000000	0.000000
129	0.000000	0.000000	268.000000	700.000000	0.000000
130	0.000000	0.000000	268.000000	700.000000	0.000000
131	0.000000	0.000000	268.000000	700.000000	0.000000
132	0.000000	0.000000	268.000000	700.000000	0.000000
133	0.000000	0.000000	267.000000	700.000000	0.000000
134	0.000000	0.000000	267.000000	700.000000	0.000000
135	0.000000	0.000000	267.000000	700.000000	0.000000
136	0.000000	0.000000	267.000000	700.000000	0.000000
137	0.000000	0.000000	266.000000	700.000000	0.000000
138	0.000000	0.000000	266.000000	700.000000	0.000000
139	0.000000	0.000000	266.000000	700.000000	0.000000
140	0.000000	0.000000	266.000000	700.000000	0.000000
141	0.000000	0.000000	266.000000	700.000000	0.000000
142	0.000000	0.000000	266.000000	700.000000	0.000000
143	0.000000	0.000000	267.000000	700.000000	0.000000
144	0.000000	0.000000	267.000000	700.000000	0.000000
145	0.000000	0.000000	267.000000	700.000000	0.000000
146	0.000000	0.000000	267.000000	700.000000	0.000000
147	0.000000	0.000000	268.000000	700.000000	0.000000
148	0.000000	0.000000	268.000000	700.000000	0.000000
149	0.000000	0.000000	268.000000	700.000000	0.000000
150	0.000000	0.000000	268.000000	700.000000	0.000000
151	0.000000	0.000000	269.000000	700.000000	0.000000
152	0.000000	0.000000	269.000000	700.000000	0.000000
153	0.000000	0.000000	268.000000	700.000000	0.000000
154	0.000000	0.000000	268.000000	700.000000	0.000000
155	0.000000	0.000000	269.000000	700.000000	0.000000
156	0.000000	0.000000	269.000000	700.000000	0.000000
157	0.000000	0.000000	269.000000	700.000000	0.000000
158	0.000000	0.000000	269.000000	700.000000	0.000000
159	0.000000	0.000000	267.000000	700.000000	0.000000
160	0.000000	0.000000	267.000000	700.000000	0.000000
161	0.000000	0.000000	268.000000	700.000000	0.000000
162	0.000000	0.000000	268.000000	700.000000	0.000000
163	0.000000	0.000000	267.000000	700.000000	0.000000
164	0.000000	0.000000	267.000000	700.000000	0.000000
165	0.000000	0.000000	267.000000	700.000000	0.000000
166	0.000000	0.000000	267.000000	700.000000	0.000000
167	0.000000	0.000000	267.000000	700.000000	0.000000
168	0.000000	0.000000	267.000000	700.000000	0.000000
169	0.000000	0.000000	267.000000	700.000000	0.000000
170	0.000000	0.000000	267.000000	700.000000	0.000000
171	0.000000	0.000000	267.000000	700.000000	0.000000
172	0.000000	0.000000	267.000000	700.000000	0.000000
173	0.000000	0.000000	267.000000	700.000000	0.000000
174	0.000000	0.000000	267.000000	700.000000	0.000000
175	0.000000	0.000000	267.000000	700.000000	0.000000
176	0.000000	0.000000	267.000000	700.000000	0.000000
177	0.000000	0.000000	268.000000	700.000000	0.000000
178	0.000000	0.000000	268.000000	700.000000	0.000000
179	0.000000	0.000000	269.000000	700.000000	0.000000
180	0.000000	0.000000	269.000000	700.000000	0.000000
181	0.000000	0.000000	270.000000	700.000000	0.000000
182	0.000000	0.000000	270.000000	700.000000	0.000000
183	0.000000	0.000000	270.000000	700.000000	0.000000
184	0.000000	0.000000	270.000000	700.000000	0.000000
185	0.000000	0.000000	273.000000	700.000000	0.000000
186	0.000000	0.000000	273.000000	700.000000	0.000000
187	0.000000	0.000000	275.000000	700.000000	0.000000
188	0.000000	0.000000	275.000000	700.000000	0.000000
189	0.000000	0.000000	275.000000	700.000000	0.000000
190	0.000000	0.000000	275.000000	700.000000	0.000000
191	0.000000	0.000000	275.000000	700.000000	0.000000
192	0.000000	0.000000	275.000000	700.000000	0.000000
193	0.000000	0.000000	274.000000	700.000000	0.000000
194	0.000000	0.000000	274.000000	700.000000	0.000000
195	0.000000	0.000000	275.000000	700.000000	0.000000
196	0.000000	0.000000	275.000000	700.000000	0.000000
197	0.000000	0.000000	0.000000	700.000000	0.000000
198	0.000000	0.000000	0.000000	700.000000	0.000000
199	0.000000	0.000000	275.000000	700.000000	0.000000
200	0.000000	0.000000	275.000000	700.000000	0.000000
201	0.000000	0.000000	275.000000	700.000000	0.000000
202	0.000000	0.000000	275.000000	700.000000	0.000000
203	0.000000	0.000000	275.000000	700.000000	0.000000
204	0.000000	0.000000	275.000000	700.000000	0.000000
205	0.000000	0.000000	272.000000	700.000000	0.000000
206	0.000000	0.000000	272.000000	700.000000	0.000000
207	0.000000	0.000000	272.000000	700.000000	0.000000
208	0.000000	0.000000	272.000000	700.000000	0.000000
209	0.000000	0.000000	272.000000	700.000000	0.000000
210	0.000000	0.000000	272.000000	700.000000	0.000000
211	0.000000	0.000000	272.000000	700.000000	0.000000
212	0.000000	0.000000	272.000000	700.000000	0.000000
213	0.000000	0.000000	272.000000	700.000000	0.000000
214	0.000000	0.000000	272.000000	700.000000	0.000000
215	0.000000	0.000000	272.000000	700.000000	0.000000
216	0.000000	0.000000	272.000000	700.000000	0.000000
217	0.000000	0.000000	273.000000	700.000000	0.000000
218	0.000000	0.000000	273.000000	700.000000	0.000000
219	0.000000	0.000000	272.000000	700.000000	0.000000
220	0.000000	0.000000	272.000000	700.000000	0.000000
221	0.000000	0.000000	272.000000	700.000000	0.000000
222	0.000000	0.000000	272.000000	700.000000	0.000000
223	0.000000	0.000000	272.000000	700.000000	0.000000
224	0.000000	0.000000	272.000000	700.000000	0.000000
225	0.000000	0.000000	274.000000	700.000000	0.000000
226	0.000000	0.000000	274.000000	700.000000	0.000000
227	0.000000	0.000000	275.000000	700.000000	0.000000
228	0.000000	0.000000	275.000000	700.000000	0.000000
229	0.000000	0.000000	274.000000	700.000000	0.000000
230	0.000000	0.000000	274.000000	700.000000	0.000000
231	0.000000	0.000000	275.000000	700.000000	0.000000
232	0.000000	0.000000	275.000000	700.000000	0.000000
233	0.000000	0.000000	275.000000	700.000000	0.000000
234	0.000000	0.000000	276.000000	700.000000	0.000000
235	0.000000	0.000000	276.000000	700.000000	0.000000
236	0.000000	0.000000	274.000000	700.000000	0.000000
237	0.000000	0.000000	274.000000	700.000000	0.000000
238	0.000000	0.000000	274.000000	700.000000	0.000000
239	0.000000	0.000000	274.000000	700.000000	0.000000
240	0.000000	0.000000	274.000000	700.000000	0.000000
241	0.000000	0.000000	274.000000	700.000000	0.000000
242	0.000000	0.000000	274.000000	700.000000	0.000000
243	0.000000	0.000000	274.000000	700.000000	0.000000
244	-37.000000	-16.000000	279.000000	700.000000	-7.125014
245	-37.000000	-16.000000	0.000000	700.000000	-7.125014
246	-37.000000	-16.000000	0.000000	700.000000	-7.125014
247	-37.000000	-16.000000	0.000000	700.000000	-7.125014
248	-37.000000	-16.000000	0.000000	700.000000	-7.125014
249	-37.000000	-16.000000	0.000000	700.000000	-7.125014
250	-37.000000	-16.000000	277.000000	700.000000	-7.125014
251	-37.000000	-16.000000	277.000000	700.000000	-7.125014
252	-37.000000	-16.000000	276.000000	700.000000	-7.125014
253	-37.000000	-16.000000	276.000000	700.000000	-7.125014
254	-37.000000	-16.000000	275.000000	700.000000	-7.125014
255	-37.000000	-16.000000	275.000000	700.000000	-7.125014
256	-37.000000	-16.000000	275.000000	700.000000	-7.125014
257	-37.000000	-16.000000	275.000000	700.000000	-7.125014
258	-37.000000	-16.000000	275.000000	700.000000	-7.125014
259	-37.000000	-16.000000	275.000000	700.000000	-7.125014
260	-37.000000	-16.000000	273.000000	700.000000	-7.125014
261	-37.000000	-16.000000	273.000000	700.000000	-7.125014
262	-37.000000	-16.000000	273.000000	700.000000	-7.125014
263	-37.000000	-16.000000	273.000000	700.000000	-7.125014
264	-37.000000	-16.000000	273.000000	700.000000	-7.125014
265	-37.000000	-16.000000	273.000000	700.000000	-7.125014
266	-37.000000	-16.000000	273.000000	700.000000	-7.125014
267	-37.000000	-16.000000	273.000000	700.000000	-7.125014
268	-37.000000	-16.000000	275.000000	700.000000	-7.125014
269	-37.000000	-16.000000	275.000000	700.000000	-7.125014
270	-37.000000	-16.000000	276.000000	700.000000	-7.125014
271	-37.000000	-16.000000	276.000000	700.000000	-7.125014
272	-38.000000	-12.000000	278.000000	700.000000	-4.635465
273	-38.000000	-12.000000	278.000000	700.000000	-4.635465
274	-38.000000	-12.000000	280.000000	700.000000	-4.635465
275	-38.000000	-12.000000	280.000000	700.000000	-4.635465
276	-38.000000	-12.000000	282.000000	700.000000	-4.635465
277	-38.000000	-12.000000	282.000000	700.000000	-4.635465
278	-38.000000	-12.000000	287.000000	700.000000	-4.635465
279	-38.000000	-12.000000	287.000000	700.000000	-4.635465
280	-38.000000	-12.000000	286.000000	700.000000	-4.635465
281	-38.000000	-12.000000	286.000000	700.000000	-4.635465
282	-38.000000	-12.000000	288.000000	700.000000	-4.635465
283	-38.000000	-12.000000	288.000000	700.000000	-4.635465
284	-38.000000	-12.000000	0.000000	700.000000	-4.635465
285	-38.000000	-12.000000	0.000000	700.000000	-4.635465
286	-38.000000	-12.000000	0.000000	700.000000	-4.635465
287	-38.000000	-12.000000	0.000000	700.000000	-4.635465
288	-38.000000	-12.000000	1369.000000	700.000000	-4.635465
289	-38.000000	-12.000000	1369.000000	700.000000	-4.635465
290	-38.000000	-12.000000	1354.000000	700.000000	-4.635465
291	-38.000000	-12.000000	1354.000000	700.000000	-4.635465
292	-38.000000	-12.000000	1407.000000	700.000000	-4.635465
293	-38.000000	-12.000000	1407.000000	700.000000	-4.635465
294	-38.000000	-12.000000	1407.000000	700.000000	-4.635465
295	-38.000000	-12.000000	1386.000000	700.000000	-4.635465
296	-38.000000	-12.000000	1398.000000	700.000000	-4.635465
297	-38.000000	-12.000000	1398.000000	700.000000	-4.635465
298	-38.000000	-12.000000	373.000000	700.000000	-4.635465
299	-38.000000	-12.000000	373.000000	700.000000	-4.635465
300	-38.000000	-12.000000	368.000000	700.000000	-4.635465
301	-38.000000	-12.000000	368.000000	700.000000	-4.635465
302	-38.000000	-12.000000	364.000000	700.000000	-4.635465
303	-38.000000	-12.000000	364.000000	700.000000	-4.635465
304	-38.000000	-12.000000	359.000000	700.000000	-4.635465
305	-38.000000	-12.000000	359.000000	700.000000	-4.635465
306	-38.000000	-12.000000	356.000000	700.000000	-4.635465
307	-38.000000	-12.000000	356.000000	700.000000	-4.635465
308	-38.000000	-12.000000	351.000000	700.000000	-4.635465
309	-38.000000	-12.000000	351.000000	700.000000	-4.635465
310	-38.000000	-12.000000	326.000000	700.000000	-4.635465
311	-38.000000	-12.000000	326.000000	700.000000	-4.635465
312	-38.000000	-12.000000	301.000000	700.000000	-4.635465
313	-38.000000	-12.000000	301.000000	700.000000	-4.635465
314	-38.000000	-12.000000	0.000000	700.000000	-4.635465
315	-38.000000	-12.000000	0.000000	700.000000	-4.635465
316	-38.000000	-12.000000	0.000000	700.000000	-4.635465
317	-38.000000	-12.000000	0.000000	700.000000	-4.635465
318	-38.000000	-12.000000	278.000000	700.000000	-4.635465
319	-38.000000	-12.000000	278.000000	700.000000	-4.635465
320	-38.000000	-12.000000	277.000000	700.000000	-4.635465
321	-38.000000	-12.000000	277.000000	700.000000	-4.635465
322	-38.000000	-12.000000	275.000000	700.000000	-4.635465
323	-38.000000	-12.000000	275.000000	700.000000	-4.635465
324	-38.000000	-12.000000	275.000000	700.000000	-4.635465
325	-38.000000	-12.000000	275.000000	700.000000	-4.635465
326	-38.000000	-12.000000	279.000000	700.000000	-4.635465
327	-38.000000	-12.000000	279.000000	700.000000	-4.635465
328	-38.000000	-12.000000	278.000000	700.000000	-4.635465
329	-38.000000	-12.000000	278.000000	700.000000	-4.635465
330	-38.000000	-12.000000	278.000000	700.000000	-4.635465
331	-38.000000	-12.000000	278.000000	700.000000	-4.635465
332	-38.000000	-12.000000	280.000000	700.000000	-4.635465
333	-38.000000	-12.000000	280.000000	700.000000	-4.635465
334	-38.000000	-12.000000	280.000000	700.000000	-4.635465
335	-38.000000	-12.000000	280.000000	700.000000	-4.635465
336	-38.000000	-12.000000	280.000000	700.000000	-4.635465
337	-38.000000	-12.000000	280.000000	700.000000	-4.635465
338	-38.000000	-12.000000	276.000000	700.000000	-4.635465
339	-38.000000	-12.000000	276.000000	700.000000	-4.635465
340	-38.000000	-12.000000	273.000000	700.000000	-4.635465
341	-38.000000	-12.000000	273.000000	700.000000	-4.635465
342	-38.000000	-12.000000	272.000000	700.000000	-4.635465
343	-38.000000	-12.000000	272.000000	700.000000	-4.635465
344	-38.000000	-12.000000	275.000000	700.000000	-4.635465
345	-38.000000	-12.000000	275.000000	700.000000	-4.635465
346	-38.000000	-12.000000	275.000000	700.000000	-4.635465
347	-38.000000	-12.000000	275.000000	700.000000	-4.635465
348	-38.000000	-12.000000	279.000000	700.000000	-4.635465
349	-38.000000	-12.000000	279.000000	700.000000	-4.635465
350	-38.000000	-12.000000	0.000000	700.000000	-4.635465
351	-38.000000	-12.000000	0.000000	700.000000	-4.635465
352	-38.000000	-12.000000	393.000000	700.000000	-4.635465
353	-38.000000	-12.000000	393.000000	700.000000	-4.635465
354	-38.000000	-12.000000	373.000000	700.000000	-4.635465
355	-38.000000	-12.000000	373.000000	700.000000	-4.635465
356	-38.000000	-12.000000	365.000000	700.000000	-4.635465
357	-38.000000	-12.000000	365.000000	700.000000	-4.635465
358	-38.000000	-12.000000	356.000000	700.000000	-4.635465
359	-38.000000	-12.000000	356.000000	700.000000	-4.635465
360	-38.000000	-12.000000	351.000000	700.000000	-4.635465
361	-38.000000	-12.000000	351.000000	700.000000	-4.635465
362	-38.000000	-12.000000	347.000000	700.000000	-4.635465
363	-38.000000	-12.000000	347.000000	700.000000	-4.635465
364	-38.000000	-12.000000	342.000000	700.000000	-4.635465
365	-38.000000	-12.000000	342.000000	700.000000	-4.635465
366	-38.000000	-12.000000	347.000000	700.000000	-4.635465
367	-38.000000	-12.000000	347.000000	700.000000	-4.635465
368	-38.000000	-12.000000	351.000000	700.000000	-4.635465
369	-38.000000	-12.000000	351.000000	700.000000	-4.635465
370	-38.000000	-12.000000	352.000000	700.000000	-4.635465
371	-38.000000	-12.000000	352.000000	700.000000	-4.635465
372	-38.000000	-12.000000	355.000000	700.000000	-4.635465
373	-38.000000	-12.000000	355.000000	700.000000	-4.635465
374	-38.000000	-12.000000	353.000000	700.000000	-4.635465
375	-38.000000	-12.000000	353.000000	700.000000	-4.635465
376	-38.000000	-12.000000	350.000000	700.000000	-4.635465
377	-38.000000	-12.000000	350.000000	700.000000	-4.635465
378	-38.000000	-12.000000	348.000000	700.000000	-4.635465
379	-38.000000	-12.000000	348.000000	700.000000	-4.635465
380	-38.000000	-12.000000	342.000000	700.000000	-4.635465
381	-38.000000	-12.000000	342.000000	700.000000	-4.635465
382	-38.000000	-12.000000	331.000000	700.000000	-4.635465
383	-38.000000	-12.000000	331.000000	700.000000	-4.635465
384	-38.000000	-12.000000	288.000000	700.000000	-4.635465
385	-38.000000	-12.000000	288.000000	700.000000	-4.635465
386	-38.000000	-12.000000	289.000000	700.000000	-4.635465
387	-38.000000	-12.000000	289.000000	700.000000	-4.635465
388	-38.000000	-12.000000	286.000000	700.000000	-4.635465
389	-38.000000	-12.000000	286.000000	700.000000	-4.635465
390	-38.000000	-12.000000	279.000000	700.000000	-4.635465
391	-38.000000	-12.000000	279.000000	700.000000	-4.635465
392	-38.000000	-12.000000	283.000000	700.000000	-4.635465
393	-38.000000	-12.000000	283.000000	700.000000	-4.635465
394	-38.000000	-12.000000	277.000000	700.000000	-4.635465
395	-38.000000	-12.000000	277.000000	700.000000	-4.635465
396	-38.000000	-12.000000	277.000000	700.000000	-4.635465
397	-38.000000	-12.000000	277.000000	700.000000	-4.635465
398	-38.000000	-12.000000	281.000000	700.000000	-4.635465
399	-38.000000	-12.000000	281.000000	700.000000	-4.635465
400	-38.000000	-12.000000	278.000000	700.000000	-4.635465
401	-38.000000	-12.000000	278.000000	700.000000	-4.635465
402	-38.000000	-12.000000	276.000000	700.000000	-4.635465
403	-38.000000	-12.000000	276.000000	700.000000	-4.635465
404	-38.000000	-12.000000	275.000000	700.000000	-4.635465
405	-38.000000	-12.000000	275.000000	700.000000	-4.635465
406	-38.000000	-12.000000	272.000000	700.000000	-4.635465
407	-38.000000	-12.000000	272.000000	700.000000	-4.635465
408	-38.000000	-12.000000	272.000000	700.000000	-4.635465
409	-38.000000	-12.000000	272.000000	700.000000	-4.635465
410	-38.000000	-12.000000	273.000000	700.000000	-4.635465
411	-38.000000	-12.000000	273.000000	700.000000	-4.635465
412	-38.000000	-12.000000	272.000000	700.000000	-4.635465
413	-38.000000	-12.000000	272.000000	700.000000	-4.635465
414	-38.000000	-12.000000	273.000000	700.000000	-4.635465
415	-38.000000	-12.000000	273.000000	700.000000	-4.635465
416	-38.000000	-12.000000	275.000000	700.000000	-4.635465
417	-38.000000	-12.000000	275.000000	700.000000	-4.635465
418	-38.000000	-12.000000	275.000000	700.000000	-4.635465
419	-38.000000	-12.000000	275.000000	700.000000	-4.635465
420	-38.000000	-12.000000	276.000000	700.000000	-4.635465
421	-38.000000	-12.000000	276.000000	700.000000	-4.635465
422	-38.000000	-12.000000	278.000000	700.000000	-4.635465
423	-38.000000	-12.000000	278.000000	700.000000	-4.635465
424	-38.000000	-12.000000	277.000000	700.000000	-4.635465
425	-38.000000	-12.000000	277.000000	700.000000	-4.635465
426	-38.000000	-12.000000	277.000000	700.000000	-4.635465
427	-38.000000	-12.000000	277.000000	700.000000	-4.635465
428	-38.000000	-12.000000	279.000000	700.000000	-4.635465
429	-38.000000	-12.000000	279.000000	700.000000	-4.635465
430	-38.000000	-12.000000	276.000000	700.000000	-4.635465
431	-38.000000	-12.000000	276.000000	700.000000	-4.635465
432	-38.000000	-12.000000	276.000000	700.000000	-4.635465
433	-38.000000	-12.000000	276.000000	700.000000	-4.635465
434	-38.000000	-12.000000	275.000000	700.000000	-4.635465
435	-38.000000	-12.000000	275.000000	700.000000	-4.635465
436	-38.000000	-12.000000	275.000000	700.000000	-4.635465
437	-38.000000	-12.000000	275.000000	700.000000	-4.635465
438	-38.000000	-12.000000	276.000000	700.000000	-4.635465
439	-38.000000	-12.000000	276.000000	700.000000	-4.635465
440	-38.000000	-12.000000	277.000000	700.000000	-4.635465
441	-38.000000	-12.000000	277.000000	700.000000	-4.635465
442	-38.000000	-12.000000	277.000000	700.000000	-4.635465
443	-38.000000	-12.000000	277.000000	700.000000	-4.635465
444	-38.000000	-12.000000	276.000000	700.000000	-4.635465
445	-38.000000	-12.000000	276.000000	700.000000	-4.635465
446	-38.000000	-12.000000	275.000000	700.000000	-4.635465
447	-38.000000	-12.000000	275.000000	700.000000	-4.635465
448	-38.000000	-12.000000	274.000000	700.000000	-4.635465
449	-38.000000	-12.000000	274.000000	700.000000	-4.635465
450	-38.000000	-12.000000	275.000000	700.000000	-4.635465
451	-38.000000	-12.000000	275.000000	700.000000	-4.635465
452	-38.000000	-12.000000	273.000000	700.000000	-4.635465
453	-38.000000	-12.000000	273.000000	700.000000	-4.635465
454	-38.000000	-12.000000	272.000000	700.000000	-4.635465
455	-38.000000	-12.000000	272.000000	700.000000	-4.635465
456	-38.000000	-12.000000	273.000000	700.000000	-4.635465
457	-38.000000	-12.000000	273.000000	700.000000	-4.635465
458	-38.000000	-12.000000	275.000000	700.000000	-4.635465
459	-38.000000	-12.000000	275.000000	700.000000	-4.635465
460	-38.000000	-12.000000	276.000000	700.000000	-4.635465
461	-38.000000	-12.000000	276.000000	700.000000	-4.635465
462	-38.000000	-12.000000	276.000000	700.000000	-4.635465
463	-38.000000	-12.000000	276.000000	700.000000	-4.635465
464	-38.000000	-12.000000	279.000000	700.000000	-4.635465
465	-38.000000	-12.000000	0.000000	700.000000	-4.635465
466	-38.000000	-12.000000	0.000000	700.000000	-4.635465
467	-38.000000	-12.000000	0.000000	700.000000	-4.635465
468	-38.000000	-12.000000	0.000000	700.000000	-4.635465
469	-38.000000	-12.000000	0.000000	700.000000	-4.635465
470	-38.000000	-12.000000	0.000000	700.000000	-4.635465
471	-38.000000	-12.000000	0.000000	700.000000	-4.635465
472	-38.000000	-12.000000	0.000000	700.000000	-4.635465
473	-38.000000	-12.000000	367.000000	700.000000	-4.635465
474	-38.000000	-12.000000	367.000000	700.000000	-4.635465
475	-38.000000	-12.000000	367.000000	700.000000	-4.635465
476	-38.000000	-12.000000	372.000000	700.000000	-4.635465
477	-38.000000	-12.000000	372.000000	700.000000	-4.635465
478	-38.000000	-12.000000	0.000000	700.000000	-4.635465
479	-38.000000	-12.000000	0.000000	700.000000	-4.635465
480	-38.000000	-12.000000	0.000000	700.000000	-4.635465
481	-38.000000	-12.000000	0.000000	700.000000	-4.635465
482	-38.000000	-12.000000	0.000000	700.000000	-4.635465
483	-38.000000	-12.000000	0.000000	700.000000	-4.635465
484	-38.000000	-12.000000	0.000000	700.000000	-4.635465
485	-38.000000	-12.000000	0.000000	700.000000	-4.635465
486	-38.000000	-12.000000	0.000000	700.000000	-4.635465
487	-38.000000	-12.000000	0.000000	700.000000	-4.635465
488	-38.000000	-12.000000	0.000000	700.000000	-4.635465
489	-38.000000	-12.000000	0.000000	700.000000	-4.635465
490	-38.000000	-12.000000	0.000000	700.000000	-4.635465
491	-38.000000	-12.000000	282.000000	700.000000	-4.635465
492	-38.000000	-12.000000	282.000000	700.000000	-4.635465
493	-38.000000	-12.000000	282.000000	700.000000	-4.635465
494	-38.000000	-12.000000	282.000000	700.000000	-4.635465
495	-38.000000	-12.000000	280.000000	700.000000	-4.635465
496	-38.000000	-12.000000	280.000000	700.000000	-4.635465
497	-38.000000	-12.000000	280.000000	700.000000	-4.635465
498	-38.000000	-12.000000	280.000000	700.000000	-4.635465
499	-38.000000	-12.000000	280.000000	700.000000	-4.635465
500	-38.000000	-12.000000	279.000000	700.000000	-4.635465
501	-38.000000	-12.000000	279.000000	700.000000	-4.635465
502	-38.000000	-12.000000	279.000000	700.000000	-4.635465
